4000	7.10E-03
3999	7.12E-03
3998	7.14E-03
3997	7.16E-03
3996	7.18E-03
3995	7.20E-03
3994	7.24E-03
3993	7.28E-03
3992	7.32E-03
3991	7.36E-03
3990	7.40E-03
3989	7.40E-03
3988	7.40E-03
3987	7.40E-03
3986	7.40E-03
3985	7.40E-03
3984	7.40E-03
3983	7.40E-03
3982	7.40E-03
3981	7.40E-03
3980	7.40E-03
3979	7.42E-03
3978	7.44E-03
3977	7.46E-03
3976	7.48E-03
3975	7.50E-03
3974	7.54E-03
3973	7.58E-03
3972	7.62E-03
3971	7.66E-03
3970	7.70E-03
3969	7.72E-03
3968	7.74E-03
3967	7.76E-03
3966	7.78E-03
3965	7.80E-03
3964	7.78E-03
3963	7.76E-03
3962	7.74E-03
3961	7.72E-03
3960	7.70E-03
3959	7.70E-03
3958	7.70E-03
3957	7.70E-03
3956	7.70E-03
3955	7.70E-03
3954	7.68E-03
3953	7.66E-03
3952	7.64E-03
3951	7.62E-03
3950	7.60E-03
3949	7.58E-03
3948	7.56E-03
3947	7.54E-03
3946	7.52E-03
3945	7.50E-03
3944	7.48E-03
3943	7.46E-03
3942	7.44E-03
3941	7.42E-03
3940	7.40E-03
3939	7.38E-03
3938	7.36E-03
3937	7.34E-03
3936	7.32E-03
3935	7.30E-03
3934	7.24E-03
3933	7.18E-03
3932	7.12E-03
3931	7.06E-03
3930	7.00E-03
3929	6.96E-03
3928	6.92E-03
3927	6.88E-03
3926	6.84E-03
3925	6.81E-03
3924	6.82E-03
3923	6.84E-03
3922	6.86E-03
3921	6.88E-03
3920	6.90E-03
3919	6.92E-03
3918	6.94E-03
3917	6.96E-03
3916	6.98E-03
3915	7.00E-03
3914	7.02E-03
3913	7.04E-03
3912	7.06E-03
3911	7.08E-03
3910	7.12E-03
3909	7.26E-03
3908	7.42E-03
3907	7.58E-03
3906	7.74E-03
3905	7.88E-03
3904	7.90E-03
3903	7.90E-03
3902	7.90E-03
3901	7.90E-03
3900	7.89E-03
3899	7.82E-03
3898	7.74E-03
3897	7.66E-03
3896	7.58E-03
3895	7.50E-03
3894	7.38E-03
3893	7.26E-03
3892	7.14E-03
3891	7.02E-03
3890	6.91E-03
3889	6.88E-03
3888	6.86E-03
3887	6.84E-03
3886	6.82E-03
3885	6.80E-03
3884	6.74E-03
3883	6.68E-03
3882	6.62E-03
3881	6.56E-03
3880	6.51E-03
3879	6.54E-03
3878	6.58E-03
3877	6.62E-03
3876	6.66E-03
3875	6.71E-03
3874	6.82E-03
3873	6.94E-03
3872	7.06E-03
3871	7.18E-03
3870	7.31E-03
3869	7.46E-03
3868	7.62E-03
3867	7.78E-03
3866	7.94E-03
3865	8.08E-03
3864	8.08E-03
3863	8.06E-03
3862	8.04E-03
3861	8.02E-03
3860	8.02E-03
3859	8.10E-03
3858	8.20E-03
3857	8.30E-03
3856	8.40E-03
3855	8.50E-03
3854	8.56E-03
3853	8.62E-03
3852	8.68E-03
3851	8.74E-03
3850	8.79E-03
3849	8.80E-03
3848	8.80E-03
3847	8.80E-03
3846	8.80E-03
3845	8.80E-03
3844	8.82E-03
3843	8.84E-03
3842	8.86E-03
3841	8.88E-03
3840	8.87E-03
3839	8.66E-03
3838	8.42E-03
3837	8.18E-03
3836	7.94E-03
3835	7.78E-03
3834	8.08E-03
3833	8.46E-03
3832	8.84E-03
3831	9.22E-03
3830	9.55E-03
3829	9.58E-03
3828	9.56E-03
3827	9.54E-03
3826	9.52E-03
3825	9.51E-03
3824	9.52E-03
3823	9.54E-03
3822	9.56E-03
3821	9.58E-03
3820	9.55E-03
3819	9.22E-03
3818	8.84E-03
3817	8.46E-03
3816	8.08E-03
3815	7.76E-03
3814	7.80E-03
3813	7.90E-03
3812	8.00E-03
3811	8.10E-03
3810	8.22E-03
3809	8.42E-03
3808	8.64E-03
3807	8.86E-03
3806	9.08E-03
3805	9.29E-03
3804	9.40E-03
3803	9.50E-03
3802	9.60E-03
3801	9.70E-03
3800	9.76E-03
3799	9.60E-03
3798	9.40E-03
3797	9.20E-03
3796	9.00E-03
3795	8.80E-03
3794	8.58E-03
3793	8.36E-03
3792	8.14E-03
3791	7.92E-03
3790	7.76E-03
3789	7.92E-03
3788	8.14E-03
3787	8.36E-03
3786	8.58E-03
3785	8.79E-03
3784	8.94E-03
3783	9.08E-03
3782	9.22E-03
3781	9.36E-03
3780	9.47E-03
3779	9.40E-03
3778	9.30E-03
3777	9.20E-03
3776	9.10E-03
3775	9.02E-03
3774	9.02E-03
3773	9.04E-03
3772	9.06E-03
3771	9.08E-03
3770	9.08E-03
3769	8.98E-03
3768	8.86E-03
3767	8.74E-03
3766	8.62E-03
3765	8.52E-03
3764	8.56E-03
3763	8.62E-03
3762	8.68E-03
3761	8.74E-03
3760	8.80E-03
3759	8.84E-03
3758	8.88E-03
3757	8.92E-03
3756	8.96E-03
3755	9.00E-03
3754	9.06E-03
3753	9.12E-03
3752	9.18E-03
3751	9.24E-03
3750	9.32E-03
3749	9.50E-03
3748	9.70E-03
3747	9.90E-03
3746	1.01E-02
3745	1.02E-02
3744	1.00E-02
3743	9.70E-03
3742	9.40E-03
3741	9.10E-03
3740	8.83E-03
3739	8.76E-03
3738	8.72E-03
3737	8.68E-03
3736	8.64E-03
3735	8.62E-03
3734	8.72E-03
3733	8.84E-03
3732	8.96E-03
3731	9.08E-03
3730	9.22E-03
3729	9.50E-03
3728	9.80E-03
3727	1.01E-02
3726	1.04E-02
3725	1.07E-02
3724	1.06E-02
3723	1.05E-02
3722	1.05E-02
3721	1.04E-02
3720	1.03E-02
3719	1.01E-02
3718	9.86E-03
3717	9.64E-03
3716	9.42E-03
3715	9.23E-03
3714	9.22E-03
3713	9.24E-03
3712	9.26E-03
3711	9.28E-03
3710	9.33E-03
3709	9.58E-03
3708	9.86E-03
3707	1.01E-02
3706	1.04E-02
3705	1.07E-02
3704	1.07E-02
3703	1.07E-02
3702	1.08E-02
3701	1.08E-02
3700	1.08E-02
3699	1.07E-02
3698	1.05E-02
3697	1.04E-02
3696	1.02E-02
3695	1.01E-02
3694	1.00E-02
3693	9.94E-03
3692	9.86E-03
3691	9.78E-03
3690	9.70E-03
3689	9.64E-03
3688	9.58E-03
3687	9.52E-03
3686	9.46E-03
3685	9.38E-03
3684	9.18E-03
3683	8.96E-03
3682	8.74E-03
3681	8.52E-03
3680	8.24E-03
3679	7.60E-03
3678	6.90E-03
3677	6.20E-03
3676	5.50E-03
3675	4.97E-03
3674	5.42E-03
3673	6.04E-03
3672	6.66E-03
3671	7.28E-03
3670	7.88E-03
3669	8.36E-03
3668	8.82E-03
3667	9.28E-03
3666	9.74E-03
3665	1.02E-02
3664	1.03E-02
3663	1.05E-02
3662	1.06E-02
3661	1.08E-02
3660	1.09E-02
3659	1.09E-02
3658	1.09E-02
3657	1.09E-02
3656	1.09E-02
3655	1.09E-02
3654	1.07E-02
3653	1.06E-02
3652	1.04E-02
3651	1.03E-02
3650	1.01E-02
3649	1.02E-02
3648	1.03E-02
3647	1.04E-02
3646	1.05E-02
3645	1.06E-02
3644	1.08E-02
3643	1.09E-02
3642	1.11E-02
3641	1.12E-02
3640	1.14E-02
3639	1.12E-02
3638	1.10E-02
3637	1.07E-02
3636	1.05E-02
3635	1.03E-02
3634	1.02E-02
3633	1.01E-02
3632	1.01E-02
3631	9.98E-03
3630	9.92E-03
3629	9.96E-03
3628	1.00E-02
3627	1.01E-02
3626	1.01E-02
3625	1.02E-02
3624	1.05E-02
3623	1.08E-02
3622	1.10E-02
3621	1.13E-02
3620	1.15E-02
3619	1.12E-02
3618	1.07E-02
3617	1.03E-02
3616	9.84E-03
3615	9.46E-03
3614	9.42E-03
3613	9.44E-03
3612	9.46E-03
3611	9.48E-03
3610	9.52E-03
3609	9.66E-03
3608	9.82E-03
3607	9.98E-03
3606	1.01E-02
3605	1.03E-02
3604	1.03E-02
3603	1.03E-02
3602	1.02E-02
3601	1.02E-02
3600	1.02E-02
3599	1.01E-02
3598	9.96E-03
3597	9.84E-03
3596	9.72E-03
3595	9.61E-03
3594	9.56E-03
3593	9.52E-03
3592	9.48E-03
3591	9.44E-03
3590	9.40E-03
3589	9.34E-03
3588	9.28E-03
3587	9.22E-03
3586	9.16E-03
3585	9.14E-03
3584	9.32E-03
3583	9.54E-03
3582	9.76E-03
3581	9.98E-03
3580	1.01E-02
3579	9.88E-03
3578	9.56E-03
3577	9.24E-03
3576	8.92E-03
3575	8.63E-03
3574	8.54E-03
3573	8.48E-03
3572	8.42E-03
3571	8.36E-03
3570	8.37E-03
3569	8.80E-03
3568	9.30E-03
3567	9.80E-03
3566	1.03E-02
3565	1.07E-02
3564	1.08E-02
3563	1.08E-02
3562	1.08E-02
3561	1.08E-02
3560	1.08E-02
3559	1.04E-02
3558	1.01E-02
3557	9.72E-03
3556	9.36E-03
3555	9.08E-03
3554	9.30E-03
3553	9.60E-03
3552	9.90E-03
3551	1.02E-02
3550	1.04E-02
3549	1.03E-02
3548	1.01E-02
3547	9.90E-03
3546	9.70E-03
3545	9.51E-03
3544	9.40E-03
3543	9.30E-03
3542	9.20E-03
3541	9.10E-03
3540	9.02E-03
3539	9.08E-03
3538	9.16E-03
3537	9.24E-03
3536	9.32E-03
3535	9.43E-03
3534	9.74E-03
3533	1.01E-02
3532	1.04E-02
3531	1.08E-02
3530	1.11E-02
3529	1.12E-02
3528	1.12E-02
3527	1.13E-02
3526	1.13E-02
3525	1.14E-02
3524	1.15E-02
3523	1.17E-02
3522	1.18E-02
3521	1.20E-02
3520	1.21E-02
3519	1.20E-02
3518	1.19E-02
3517	1.17E-02
3516	1.16E-02
3515	1.15E-02
3514	1.16E-02
3513	1.17E-02
3512	1.17E-02
3511	1.18E-02
3510	1.19E-02
3509	1.19E-02
3508	1.19E-02
3507	1.18E-02
3506	1.18E-02
3505	1.18E-02
3504	1.18E-02
3503	1.18E-02
3502	1.19E-02
3501	1.19E-02
3500	1.19E-02
3499	1.20E-02
3498	1.20E-02
3497	1.21E-02
3496	1.21E-02
3495	1.22E-02
3494	1.18E-02
3493	1.15E-02
3492	1.11E-02
3491	1.08E-02
3490	1.05E-02
3489	1.07E-02
3488	1.11E-02
3487	1.14E-02
3486	1.18E-02
3485	1.20E-02
3484	1.19E-02
3483	1.17E-02
3482	1.16E-02
3481	1.14E-02
3480	1.12E-02
3479	1.11E-02
3478	1.11E-02
3477	1.10E-02
3476	1.10E-02
3475	1.09E-02
3474	1.12E-02
3473	1.14E-02
3472	1.17E-02
3471	1.19E-02
3470	1.21E-02
3469	1.17E-02
3468	1.12E-02
3467	1.08E-02
3466	1.03E-02
3465	9.93E-03
3464	1.03E-02
3463	1.09E-02
3462	1.14E-02
3461	1.20E-02
3460	1.23E-02
3459	1.17E-02
3458	1.08E-02
3457	9.98E-03
3456	9.14E-03
3455	8.48E-03
3454	8.86E-03
3453	9.42E-03
3452	9.98E-03
3451	1.05E-02
3450	1.10E-02
3449	1.11E-02
3448	1.12E-02
3447	1.12E-02
3446	1.13E-02
3445	1.12E-02
3444	1.06E-02
3443	9.98E-03
3442	9.32E-03
3441	8.66E-03
3440	8.17E-03
3439	8.70E-03
3438	9.40E-03
3437	1.01E-02
3436	1.08E-02
3435	1.13E-02
3434	1.09E-02
3433	1.04E-02
3432	9.82E-03
3431	9.26E-03
3430	8.80E-03
3429	8.96E-03
3428	9.22E-03
3427	9.48E-03
3426	9.74E-03
3425	1.01E-02
3424	1.06E-02
3423	1.12E-02
3422	1.19E-02
3421	1.25E-02
3420	1.29E-02
3419	1.19E-02
3418	1.08E-02
3417	9.62E-03
3416	8.46E-03
3415	7.44E-03
3414	7.26E-03
3413	7.22E-03
3412	7.18E-03
3411	7.14E-03
3410	7.04E-03
3409	6.56E-03
3408	6.02E-03
3407	5.48E-03
3406	4.94E-03
3405	4.67E-03
3404	6.02E-03
3403	7.64E-03
3402	9.26E-03
3401	1.09E-02
3400	1.22E-02
3399	1.19E-02
3398	1.13E-02
3397	1.07E-02
3396	1.01E-02
3395	9.58E-03
3394	9.56E-03
3393	9.62E-03
3392	9.68E-03
3391	9.74E-03
3390	9.74E-03
3389	9.34E-03
3388	8.88E-03
3387	8.42E-03
3386	7.96E-03
3385	7.50E-03
3384	7.02E-03
3383	6.54E-03
3382	6.06E-03
3381	5.58E-03
3380	5.24E-03
3379	5.76E-03
3378	6.42E-03
3377	7.08E-03
3376	7.74E-03
3375	8.21E-03
3374	7.50E-03
3373	6.60E-03
3372	5.70E-03
3371	4.80E-03
3370	4.10E-03
3369	4.56E-03
3368	5.22E-03
3367	5.88E-03
3366	6.54E-03
3365	7.07E-03
3364	6.80E-03
3363	6.40E-03
3362	6.00E-03
3361	5.60E-03
3360	5.21E-03
3359	4.88E-03
3358	4.56E-03
3357	4.24E-03
3356	3.92E-03
3355	3.75E-03
3354	4.48E-03
3353	5.36E-03
3352	6.24E-03
3351	7.12E-03
3350	7.78E-03
3349	7.10E-03
3348	6.20E-03
3347	5.30E-03
3346	4.40E-03
3345	3.61E-03
3344	3.50E-03
3343	3.50E-03
3342	3.50E-03
3341	3.50E-03
3340	3.64E-03
3339	4.60E-03
3338	5.70E-03
3337	6.80E-03
3336	7.90E-03
3335	8.75E-03
3334	8.12E-03
3333	7.24E-03
3332	6.36E-03
3331	5.48E-03
3330	4.68E-03
3329	4.38E-03
3328	4.16E-03
3327	3.94E-03
3326	3.72E-03
3325	3.44E-03
3324	2.82E-03
3323	2.14E-03
3322	1.46E-03
3321	7.80E-04
3320	1.83E-04
3319	8.00E-05
3318	6.00E-05
3317	4.00E-05
3316	2.00E-05
3315	1.00E-04
3314	7.80E-04
3313	1.56E-03
3312	2.34E-03
3311	3.12E-03
3310	3.80E-03
3309	3.90E-03
3308	3.90E-03
3307	3.90E-03
3306	3.90E-03
3305	3.85E-03
3304	3.48E-03
3303	3.06E-03
3302	2.64E-03
3301	2.22E-03
3300	1.84E-03
3299	1.68E-03
3298	1.56E-03
3297	1.44E-03
3296	1.32E-03
3295	1.40E-03
3294	2.70E-03
3293	4.20E-03
3292	5.70E-03
3291	7.20E-03
3290	8.57E-03
3289	9.18E-03
3288	9.66E-03
3287	1.01E-02
3286	1.06E-02
3285	1.08E-02
3284	9.46E-03
3283	7.82E-03
3282	6.18E-03
3281	4.54E-03
3280	3.18E-03
3279	3.50E-03
3278	4.10E-03
3277	4.70E-03
3276	5.30E-03
3275	5.71E-03
3274	4.96E-03
3273	4.02E-03
3272	3.08E-03
3271	2.14E-03
3270	1.35E-03
3269	1.44E-03
3268	1.68E-03
3267	1.92E-03
3266	2.16E-03
3265	2.34E-03
3264	2.16E-03
3263	1.92E-03
3262	1.68E-03
3261	1.44E-03
3260	1.45E-03
3259	2.94E-03
3258	4.68E-03
3257	6.42E-03
3256	8.16E-03
3255	9.50E-03
3254	8.44E-03
3253	6.98E-03
3252	5.52E-03
3251	4.06E-03
3250	2.74E-03
3249	2.22E-03
3248	1.84E-03
3247	1.46E-03
3246	1.08E-03
3245	8.23E-04
3244	1.30E-03
3243	1.90E-03
3242	2.50E-03
3241	3.10E-03
3240	3.72E-03
3239	4.42E-03
3238	5.14E-03
3237	5.86E-03
3236	6.58E-03
3235	7.04E-03
3234	5.90E-03
3233	4.50E-03
3232	3.10E-03
3231	1.70E-03
3230	4.73E-04
3229	2.80E-04
3228	2.60E-04
3227	2.40E-04
3226	2.20E-04
3225	2.38E-04
3224	4.80E-04
3223	7.60E-04
3222	1.04E-03
3221	1.32E-03
3220	1.54E-03
3219	1.38E-03
3218	1.16E-03
3217	9.40E-04
3216	7.20E-04
3215	5.18E-04
3214	4.20E-04
3213	3.40E-04
3212	2.60E-04
3211	1.80E-04
3210	1.15E-04
3209	1.40E-04
3208	1.80E-04
3207	2.20E-04
3206	2.60E-04
3205	2.98E-04
3204	3.20E-04
3203	3.40E-04
3202	3.60E-04
3201	3.80E-04
3200	4.55E-04
3199	8.60E-04
3198	1.32E-03
3197	1.78E-03
3196	2.24E-03
3195	2.68E-03
3194	3.00E-03
3193	3.30E-03
3192	3.60E-03
3191	3.90E-03
3190	4.26E-03
3189	4.98E-03
3188	5.76E-03
3187	6.54E-03
3186	7.32E-03
3185	8.07E-03
3184	8.60E-03
3183	9.10E-03
3182	9.60E-03
3181	1.01E-02
3180	1.05E-02
3179	1.03E-02
3178	1.00E-02
3177	9.76E-03
3176	9.48E-03
3175	9.32E-03
3174	9.86E-03
3173	1.05E-02
3172	1.12E-02
3171	1.18E-02
3170	1.25E-02
3169	1.28E-02
3168	1.31E-02
3167	1.34E-02
3166	1.37E-02
3165	1.38E-02
3164	1.30E-02
3163	1.21E-02
3162	1.11E-02
3161	1.02E-02
3160	9.23E-03
3159	8.48E-03
3158	7.76E-03
3157	7.04E-03
3156	6.32E-03
3155	5.72E-03
3154	5.82E-03
3153	6.04E-03
3152	6.26E-03
3151	6.48E-03
3150	6.59E-03
3149	6.00E-03
3148	5.30E-03
3147	4.60E-03
3146	3.90E-03
3145	3.29E-03
3144	3.22E-03
3143	3.24E-03
3142	3.26E-03
3141	3.28E-03
3140	3.50E-03
3139	4.92E-03
3138	6.54E-03
3137	8.16E-03
3136	9.78E-03
3135	1.11E-02
3134	1.03E-02
3133	9.12E-03
3132	7.98E-03
3131	6.84E-03
3130	5.78E-03
3129	5.16E-03
3128	4.62E-03
3127	4.08E-03
3126	3.54E-03
3125	3.24E-03
3124	4.36E-03
3123	5.72E-03
3122	7.08E-03
3121	8.44E-03
3120	9.44E-03
3119	8.30E-03
3118	6.80E-03
3117	5.30E-03
3116	3.80E-03
3115	2.45E-03
3114	2.00E-03
3113	1.70E-03
3112	1.40E-03
3111	1.10E-03
3110	8.40E-04
3109	8.20E-04
3108	8.40E-04
3107	8.60E-04
3106	8.80E-04
3105	9.85E-04
3104	1.60E-03
3103	2.30E-03
3102	3.00E-03
3101	3.70E-03
3100	4.22E-03
3099	3.66E-03
3098	2.92E-03
3097	2.18E-03
3096	1.44E-03
3095	8.35E-04
3094	1.04E-03
3093	1.38E-03
3092	1.72E-03
3091	2.06E-03
3090	2.34E-03
3089	2.28E-03
3088	2.16E-03
3087	2.04E-03
3086	1.92E-03
3085	1.86E-03
3084	2.16E-03
3083	2.52E-03
3082	2.88E-03
3081	3.24E-03
3080	3.62E-03
3079	4.08E-03
3078	4.56E-03
3077	5.04E-03
3076	5.52E-03
3075	5.83E-03
3074	5.14E-03
3073	4.28E-03
3072	3.42E-03
3071	2.56E-03
3070	1.84E-03
3069	1.94E-03
3068	2.18E-03
3067	2.42E-03
3066	2.66E-03
3065	2.96E-03
3064	3.58E-03
3063	4.26E-03
3062	4.94E-03
3061	5.62E-03
3060	6.07E-03
3059	5.10E-03
3058	3.90E-03
3057	2.70E-03
3056	1.50E-03
3055	4.68E-04
3054	4.40E-04
3053	5.80E-04
3052	7.20E-04
3051	8.60E-04
3050	1.06E-03
3049	1.64E-03
3048	2.28E-03
3047	2.92E-03
3046	3.56E-03
3045	4.07E-03
3044	3.76E-03
3043	3.32E-03
3042	2.88E-03
3041	2.44E-03
3040	2.07E-03
3039	2.10E-03
3038	2.20E-03
3037	2.30E-03
3036	2.40E-03
3035	2.58E-03
3034	3.22E-03
3033	3.94E-03
3032	4.66E-03
3031	5.38E-03
3030	6.05E-03
3029	6.38E-03
3028	6.66E-03
3027	6.94E-03
3026	7.22E-03
3025	7.29E-03
3024	6.12E-03
3023	4.74E-03
3022	3.36E-03
3021	1.98E-03
3020	8.95E-04
3019	1.58E-03
3018	2.56E-03
3017	3.54E-03
3016	4.52E-03
3015	5.41E-03
3014	5.76E-03
3013	6.02E-03
3012	6.28E-03
3011	6.54E-03
3010	6.67E-03
3009	6.02E-03
3008	5.24E-03
3007	4.46E-03
3006	3.68E-03
3005	3.12E-03
3004	3.88E-03
3003	4.86E-03
3002	5.84E-03
3001	6.82E-03
3000	7.59E-03
2999	7.10E-03
2998	6.40E-03
2997	5.70E-03
2996	5.00E-03
2995	4.54E-03
2994	5.50E-03
2993	6.70E-03
2992	7.90E-03
2991	9.10E-03
2990	1.01E-02
2989	9.62E-03
2988	8.94E-03
2987	8.26E-03
2986	7.58E-03
2985	6.85E-03
2984	5.78E-03
2983	4.66E-03
2982	3.54E-03
2981	2.42E-03
2980	1.43E-03
2979	1.22E-03
2978	1.14E-03
2977	1.06E-03
2976	9.80E-04
2975	8.98E-04
2974	8.00E-04
2973	7.00E-04
2972	6.00E-04
2971	5.00E-04
2970	5.88E-04
2969	1.80E-03
2968	3.20E-03
2967	4.60E-03
2966	6.00E-03
2965	7.16E-03
2964	6.84E-03
2963	6.28E-03
2962	5.72E-03
2961	5.16E-03
2960	4.61E-03
2959	4.14E-03
2958	3.68E-03
2957	3.22E-03
2956	2.76E-03
2955	2.43E-03
2954	2.88E-03
2953	3.46E-03
2952	4.04E-03
2951	4.62E-03
2950	5.03E-03
2949	4.44E-03
2948	3.68E-03
2947	2.92E-03
2946	2.16E-03
2945	1.50E-03
2944	1.44E-03
2943	1.48E-03
2942	1.52E-03
2941	1.56E-03
2940	1.72E-03
2939	2.58E-03
2938	3.56E-03
2937	4.54E-03
2936	5.52E-03
2935	6.36E-03
2934	6.38E-03
2933	6.26E-03
2932	6.14E-03
2931	6.02E-03
2930	5.80E-03
2929	4.94E-03
2928	3.98E-03
2927	3.02E-03
2926	2.06E-03
2925	1.27E-03
2924	1.46E-03
2923	1.82E-03
2922	2.18E-03
2921	2.54E-03
2920	2.82E-03
2919	2.58E-03
2918	2.26E-03
2917	1.94E-03
2916	1.62E-03
2915	1.38E-03
2914	1.58E-03
2913	1.86E-03
2912	2.14E-03
2911	2.42E-03
2910	2.60E-03
2909	2.18E-03
2908	1.66E-03
2907	1.14E-03
2906	6.20E-04
2905	1.83E-04
2904	2.40E-04
2903	3.80E-04
2902	5.20E-04
2901	6.60E-04
2900	8.30E-04
2899	1.18E-03
2898	1.56E-03
2897	1.94E-03
2896	2.32E-03
2895	2.59E-03
2894	2.20E-03
2893	1.70E-03
2892	1.20E-03
2891	7.00E-04
2890	2.70E-04
2889	2.60E-04
2888	3.20E-04
2887	3.80E-04
2886	4.40E-04
2885	4.85E-04
2884	4.40E-04
2883	3.80E-04
2882	3.20E-04
2881	2.60E-04
2880	2.13E-04
2879	2.40E-04
2878	2.80E-04
2877	3.20E-04
2876	3.60E-04
2875	3.85E-04
2874	3.20E-04
2873	2.40E-04
2872	1.60E-04
2871	8.00E-05
2870	1.50E-05
2869	4.00E-05
2868	8.00E-05
2867	1.20E-04
2866	1.60E-04
2865	1.90E-04
2864	1.60E-04
2863	1.20E-04
2862	8.00E-05
2861	4.00E-05
2860	5.00E-06
2859	0
2858	0
2857	0
2856	0
2855	0
2854	0
2853	0
2852	0
2851	0
2850	0
2849	0
2848	0
2847	0
2846	0
2845	0
2844	0
2843	0
2842	0
2841	0
2840	0
2839	0
2838	0
2837	0
2836	0
2835	0
2834	0
2833	0
2832	0
2831	0
2830	0
2829	0
2828	0
2827	0
2826	0
2825	0
2824	0
2823	0
2822	0
2821	0
2820	0
2819	0
2818	0
2817	0
2816	0
2815	0
2814	0
2813	0
2812	0
2811	0
2810	0
2809	0
2808	0
2807	0
2806	0
2805	0
2804	0
2803	0
2802	0
2801	0
2800	0
2799	0
2798	0
2797	0
2796	0
2795	0
2794	0
2793	0
2792	0
2791	0
2790	0
2789	0
2788	0
2787	0
2786	0
2785	0
2784	0
2783	0
2782	0
2781	0
2780	0
2779	0
2778	0
2777	0
2776	0
2775	0
2774	0
2773	0
2772	0
2771	0
2770	0
2769	0
2768	0
2767	0
2766	0
2765	0
2764	0
2763	0
2762	0
2761	0
2760	0
2759	0
2758	0
2757	0
2756	0
2755	0
2754	0
2753	0
2752	0
2751	0
2750	0
2749	0
2748	0
2747	0
2746	0
2745	0
2744	0
2743	0
2742	0
2741	0
2740	0
2739	0
2738	0
2737	0
2736	0
2735	0
2734	0
2733	0
2732	0
2731	0
2730	0
2729	0
2728	0
2727	0
2726	0
2725	0
2724	0
2723	0
2722	0
2721	0
2720	0
2719	0
2718	0
2717	0
2716	0
2715	0
2714	0
2713	0
2712	0
2711	0
2710	0
2709	0
2708	0
2707	0
2706	0
2705	0
2704	0
2703	0
2702	0
2701	0
2700	0
2699	0
2698	0
2697	0
2696	0
2695	0
2694	0
2693	0
2692	0
2691	0
2690	0
2689	0
2688	0
2687	0
2686	0
2685	0
2684	0
2683	0
2682	0
2681	0
2680	0
2679	0
2678	0
2677	0
2676	0
2675	0
2674	0
2673	0
2672	0
2671	0
2670	0
2669	0
2668	0
2667	0
2666	0
2665	0
2664	0
2663	0
2662	0
2661	0
2660	0
2659	0
2658	0
2657	0
2656	0
2655	0
2654	0
2653	0
2652	0
2651	0
2650	0
2649	0
2648	0
2647	0
2646	0
2645	0
2644	0
2643	0
2642	0
2641	0
2640	0
2639	0
2638	0
2637	0
2636	0
2635	0
2634	0
2633	0
2632	0
2631	0
2630	0
2629	0
2628	0
2627	0
2626	0
2625	0
2624	0
2623	0
2622	0
2621	0
2620	0
2619	0
2618	0
2617	0
2616	0
2615	0
2614	0
2613	0
2612	0
2611	0
2610	0
2609	0
2608	0
2607	0
2606	0
2605	0
2604	0
2603	0
2602	0
2601	0
2600	0
2599	0
2598	0
2597	0
2596	0
2595	0
2594	0
2593	0
2592	0
2591	0
2590	0
2589	0
2588	0
2587	0
2586	0
2585	0
2584	0
2583	0
2582	0
2581	0
2580	0
2579	0
2578	0
2577	0
2576	0
2575	0
2574	0
2573	0
2572	0
2571	0
2570	0
2569	0
2568	0
2567	0
2566	0
2565	0
2564	0
2563	0
2562	0
2561	0
2560	0
2559	0
2558	0
2557	0
2556	0
2555	0
2554	0
2553	0
2552	0
2551	0
2550	0
2549	0
2548	0
2547	0
2546	0
2545	0
2544	0
2543	0
2542	0
2541	0
2540	0
2539	0
2538	0
2537	0
2536	0
2535	0
2534	0
2533	0
2532	0
2531	0
2530	0
2529	0
2528	0
2527	0
2526	0
2525	1.00E-05
2524	8.00E-05
2523	1.60E-04
2522	2.40E-04
2521	3.20E-04
2520	3.93E-04
2519	4.20E-04
2518	4.40E-04
2517	4.60E-04
2516	4.80E-04
2515	5.40E-04
2514	8.40E-04
2513	1.18E-03
2512	1.52E-03
2511	1.86E-03
2510	2.14E-03
2509	2.06E-03
2508	1.92E-03
2507	1.78E-03
2506	1.64E-03
2505	1.66E-03
2504	2.60E-03
2503	3.70E-03
2502	4.80E-03
2501	5.90E-03
2500	6.76E-03
2499	6.18E-03
2498	5.36E-03
2497	4.54E-03
2496	3.72E-03
2495	3.02E-03
2494	3.02E-03
2493	3.14E-03
2492	3.26E-03
2491	3.38E-03
2490	3.54E-03
2489	3.92E-03
2488	4.34E-03
2487	4.76E-03
2486	5.18E-03
2485	5.61E-03
2484	6.08E-03
2483	6.56E-03
2482	7.04E-03
2481	7.52E-03
2480	8.15E-03
2479	9.68E-03
2478	1.14E-02
2477	1.30E-02
2476	1.47E-02
2475	1.62E-02
2474	1.65E-02
2473	1.65E-02
2472	1.66E-02
2471	1.66E-02
2470	1.69E-02
2469	1.82E-02
2468	1.97E-02
2467	2.11E-02
2466	2.26E-02
2465	2.42E-02
2464	2.59E-02
2463	2.78E-02
2462	2.96E-02
2461	3.15E-02
2460	3.29E-02
2459	3.16E-02
2458	2.99E-02
2457	2.82E-02
2456	2.65E-02
2455	2.47E-02
2454	2.26E-02
2453	2.03E-02
2452	1.81E-02
2451	1.58E-02
2450	1.41E-02
2449	1.50E-02
2448	1.64E-02
2447	1.79E-02
2446	1.93E-02
2445	2.11E-02
2444	2.52E-02
2443	2.97E-02
2442	3.41E-02
2441	3.86E-02
2440	4.18E-02
2439	3.74E-02
2438	3.18E-02
2437	2.61E-02
2436	2.05E-02
2435	1.63E-02
2434	2.08E-02
2433	2.69E-02
2432	3.29E-02
2431	3.90E-02
2430	4.40E-02
2429	4.26E-02
2428	4.02E-02
2427	3.78E-02
2426	3.54E-02
2425	3.31E-02
2424	3.17E-02
2423	3.04E-02
2422	2.91E-02
2421	2.78E-02
2420	2.67E-02
2419	2.66E-02
2418	2.68E-02
2417	2.69E-02
2416	2.71E-02
2415	2.74E-02
2414	2.85E-02
2413	2.98E-02
2412	3.11E-02
2411	3.24E-02
2410	3.35E-02
2409	3.37E-02
2408	3.36E-02
2407	3.36E-02
2406	3.35E-02
2405	3.38E-02
2404	3.56E-02
2403	3.77E-02
2402	3.98E-02
2401	4.19E-02
2400	4.37E-02
2399	4.33E-02
2398	4.26E-02
2397	4.19E-02
2396	4.12E-02
2395	4.05E-02
2394	3.98E-02
2393	3.91E-02
2392	3.84E-02
2391	3.77E-02
2390	3.69E-02
2389	3.57E-02
2388	3.45E-02
2387	3.32E-02
2386	3.20E-02
2385	3.12E-02
2384	3.30E-02
2383	3.54E-02
2382	3.77E-02
2381	4.01E-02
2380	4.22E-02
2379	4.27E-02
2378	4.30E-02
2377	4.34E-02
2376	4.37E-02
2375	4.36E-02
2374	4.13E-02
2373	3.87E-02
2372	3.60E-02
2371	3.34E-02
2370	3.15E-02
2369	3.44E-02
2368	3.81E-02
2367	4.19E-02
2366	4.56E-02
2365	4.89E-02
2364	4.95E-02
2363	4.96E-02
2362	4.98E-02
2361	4.99E-02
2360	5.00E-02
2359	4.95E-02
2358	4.90E-02
2357	4.84E-02
2356	4.79E-02
2355	4.72E-02
2354	4.61E-02
2353	4.49E-02
2352	4.38E-02
2351	4.26E-02
2350	4.18E-02
2349	4.34E-02
2348	4.54E-02
2347	4.73E-02
2346	4.93E-02
2345	5.09E-02
2344	5.02E-02
2343	4.91E-02
2342	4.79E-02
2341	4.68E-02
2340	4.61E-02
2339	4.81E-02
2338	5.05E-02
2337	5.30E-02
2336	5.54E-02
2335	5.75E-02
2334	5.76E-02
2333	5.74E-02
2332	5.71E-02
2331	5.69E-02
2330	5.67E-02
2329	5.66E-02
2328	5.65E-02
2327	5.63E-02
2326	5.62E-02
2325	5.60E-02
2324	5.53E-02
2323	5.44E-02
2322	5.36E-02
2321	5.27E-02
2320	5.22E-02
2319	5.31E-02
2318	5.43E-02
2317	5.56E-02
2316	5.68E-02
2315	5.80E-02
2314	5.91E-02
2313	6.03E-02
2312	6.14E-02
2311	6.26E-02
2310	6.34E-02
2309	6.28E-02
2308	6.18E-02
2307	6.09E-02
2306	5.99E-02
2305	5.91E-02
2304	5.89E-02
2303	5.89E-02
2302	5.88E-02
2301	5.88E-02
2300	5.88E-02
2299	5.92E-02
2298	5.97E-02
2297	6.01E-02
2296	6.06E-02
2295	6.11E-02
2294	6.15E-02
2293	6.19E-02
2292	6.22E-02
2291	6.26E-02
2290	6.30E-02
2289	6.30E-02
2288	6.30E-02
2287	6.29E-02
2286	6.29E-02
2285	6.30E-02
2284	6.35E-02
2283	6.42E-02
2282	6.48E-02
2281	6.55E-02
2280	6.60E-02
2279	6.56E-02
2278	6.52E-02
2277	6.47E-02
2276	6.43E-02
2275	6.39E-02
2274	6.40E-02
2273	6.42E-02
2272	6.43E-02
2271	6.45E-02
2270	6.48E-02
2269	6.53E-02
2268	6.60E-02
2267	6.66E-02
2266	6.73E-02
2265	6.78E-02
2264	6.77E-02
2263	6.74E-02
2262	6.72E-02
2261	6.69E-02
2260	6.68E-02
2259	6.69E-02
2258	6.70E-02
2257	6.72E-02
2256	6.73E-02
2255	6.76E-02
2254	6.83E-02
2253	6.92E-02
2252	7.00E-02
2251	7.09E-02
2250	7.16E-02
2249	7.15E-02
2248	7.13E-02
2247	7.10E-02
2246	7.08E-02
2245	7.07E-02
2244	7.11E-02
2243	7.15E-02
2242	7.20E-02
2241	7.24E-02
2240	7.29E-02
2239	7.31E-02
2238	7.34E-02
2237	7.36E-02
2236	7.39E-02
2235	7.41E-02
2234	7.44E-02
2233	7.47E-02
2232	7.50E-02
2231	7.53E-02
2230	7.56E-02
2229	7.55E-02
2228	7.54E-02
2227	7.54E-02
2226	7.53E-02
2225	7.53E-02
2224	7.57E-02
2223	7.61E-02
2222	7.66E-02
2221	7.70E-02
2220	7.74E-02
2219	7.72E-02
2218	7.69E-02
2217	7.67E-02
2216	7.64E-02
2215	7.62E-02
2214	7.67E-02
2213	7.73E-02
2212	7.79E-02
2211	7.85E-02
2210	7.89E-02
2209	7.80E-02
2208	7.70E-02
2207	7.59E-02
2206	7.49E-02
2205	7.39E-02
2204	7.32E-02
2203	7.27E-02
2202	7.21E-02
2201	7.16E-02
2200	7.13E-02
2199	7.26E-02
2198	7.41E-02
2197	7.57E-02
2196	7.72E-02
2195	7.86E-02
2194	7.88E-02
2193	7.88E-02
2192	7.88E-02
2191	7.88E-02
2190	7.87E-02
2189	7.79E-02
2188	7.70E-02
2187	7.61E-02
2186	7.52E-02
2185	7.46E-02
2184	7.58E-02
2183	7.72E-02
2182	7.87E-02
2181	8.01E-02
2180	8.14E-02
2179	8.13E-02
2178	8.10E-02
2177	8.08E-02
2176	8.05E-02
2175	8.03E-02
2174	8.05E-02
2173	8.08E-02
2172	8.12E-02
2171	8.15E-02
2170	8.16E-02
2169	8.07E-02
2168	7.95E-02
2167	7.84E-02
2166	7.72E-02
2165	7.64E-02
2164	7.77E-02
2163	7.92E-02
2162	8.08E-02
2161	8.23E-02
2160	8.37E-02
2159	8.40E-02
2158	8.42E-02
2157	8.43E-02
2156	8.45E-02
2155	8.46E-02
2154	8.46E-02
2153	8.45E-02
2152	8.45E-02
2151	8.44E-02
2150	8.45E-02
2149	8.54E-02
2148	8.63E-02
2147	8.73E-02
2146	8.82E-02
2145	8.91E-02
2144	8.95E-02
2143	8.97E-02
2142	9.00E-02
2141	9.02E-02
2140	9.05E-02
2139	9.04E-02
2138	9.02E-02
2137	9.01E-02
2136	8.99E-02
2135	8.98E-02
2134	8.97E-02
2133	8.97E-02
2132	8.96E-02
2131	8.96E-02
2130	8.95E-02
2129	8.93E-02
2128	8.91E-02
2127	8.88E-02
2126	8.86E-02
2125	8.84E-02
2124	8.82E-02
2123	8.80E-02
2122	8.77E-02
2121	8.75E-02
2120	8.74E-02
2119	8.81E-02
2118	8.89E-02
2117	8.98E-02
2116	9.06E-02
2115	9.13E-02
2114	9.10E-02
2113	9.06E-02
2112	9.02E-02
2111	8.98E-02
2110	8.95E-02
2109	9.01E-02
2108	9.08E-02
2107	9.15E-02
2106	9.22E-02
2105	9.26E-02
2104	9.15E-02
2103	9.01E-02
2102	8.87E-02
2101	8.73E-02
2100	8.62E-02
2099	8.66E-02
2098	8.73E-02
2097	8.81E-02
2096	8.88E-02
2095	8.94E-02
2094	8.94E-02
2093	8.92E-02
2092	8.91E-02
2091	8.89E-02
2090	8.87E-02
2089	8.80E-02
2088	8.72E-02
2087	8.65E-02
2086	8.57E-02
2085	8.50E-02
2084	8.52E-02
2083	8.56E-02
2082	8.59E-02
2081	8.63E-02
2080	8.63E-02
2079	8.47E-02
2078	8.28E-02
2077	8.10E-02
2076	7.91E-02
2075	7.71E-02
2074	7.49E-02
2073	7.25E-02
2072	7.02E-02
2071	6.78E-02
2070	6.57E-02
2069	6.47E-02
2068	6.40E-02
2067	6.32E-02
2066	6.25E-02
2065	6.20E-02
2064	6.32E-02
2063	6.46E-02
2062	6.61E-02
2061	6.75E-02
2060	6.85E-02
2059	6.61E-02
2058	6.33E-02
2057	6.04E-02
2056	5.76E-02
2055	5.54E-02
2054	5.73E-02
2053	5.99E-02
2052	6.25E-02
2051	6.51E-02
2050	6.80E-02
2049	7.23E-02
2048	7.69E-02
2047	8.16E-02
2046	8.62E-02
2045	9.02E-02
2044	9.05E-02
2043	9.03E-02
2042	9.00E-02
2041	8.98E-02
2040	8.97E-02
2039	9.08E-02
2038	9.21E-02
2037	9.35E-02
2036	9.48E-02
2035	9.57E-02
2034	9.38E-02
2033	9.15E-02
2032	8.92E-02
2031	8.69E-02
2030	8.46E-02
2029	8.24E-02
2028	8.03E-02
2027	7.81E-02
2026	7.60E-02
2025	7.34E-02
2024	6.80E-02
2023	6.22E-02
2022	5.65E-02
2021	5.07E-02
2020	4.52E-02
2019	4.12E-02
2018	3.76E-02
2017	3.39E-02
2016	3.03E-02
2015	2.74E-02
2014	2.92E-02
2013	3.18E-02
2012	3.44E-02
2011	3.70E-02
2010	3.87E-02
2009	3.47E-02
2008	2.98E-02
2007	2.48E-02
2006	1.99E-02
2005	1.62E-02
2004	1.96E-02
2003	2.42E-02
2002	2.88E-02
2001	3.34E-02
2000	3.85E-02
1999	4.66E-02
1998	5.52E-02
1997	6.38E-02
1996	7.24E-02
1995	8.00E-02
1994	8.19E-02
1993	8.28E-02
1992	8.36E-02
1991	8.45E-02
1990	8.52E-02
1989	8.49E-02
1988	8.44E-02
1987	8.38E-02
1986	8.33E-02
1985	8.27E-02
1984	8.13E-02
1983	7.98E-02
1982	7.83E-02
1981	7.68E-02
1980	7.53E-02
1979	7.38E-02
1978	7.23E-02
1977	7.07E-02
1976	6.92E-02
1975	6.74E-02
1974	6.39E-02
1973	6.01E-02
1972	5.63E-02
1971	5.25E-02
1970	4.87E-02
1969	4.47E-02
1968	4.06E-02
1967	3.66E-02
1966	3.25E-02
1965	2.88E-02
1964	2.72E-02
1963	2.58E-02
1962	2.45E-02
1961	2.31E-02
1960	2.17E-02
1959	1.94E-02
1958	1.71E-02
1957	1.47E-02
1956	1.24E-02
1955	1.05E-02
1954	1.13E-02
1953	1.27E-02
1952	1.40E-02
1951	1.54E-02
1950	1.64E-02
1949	1.55E-02
1948	1.43E-02
1947	1.32E-02
1946	1.20E-02
1945	1.08E-02
1944	9.30E-03
1943	7.80E-03
1942	6.30E-03
1941	4.80E-03
1940	3.50E-03
1939	3.36E-03
1938	3.42E-03
1937	3.48E-03
1936	3.54E-03
1935	3.52E-03
1934	3.00E-03
1933	2.40E-03
1932	1.80E-03
1931	1.20E-03
1930	6.83E-04
1929	6.60E-04
1928	7.20E-04
1927	7.80E-04
1926	8.40E-04
1925	8.80E-04
1924	8.00E-04
1923	7.00E-04
1922	6.00E-04
1921	5.00E-04
1920	4.03E-04
1919	3.20E-04
1918	2.40E-04
1917	1.60E-04
1916	8.00E-05
1915	1.00E-05
1914	0
1913	0
1912	0
1911	0
1910	0
1909	0
1908	0
1907	0
1906	0
1905	0
1904	0
1903	0
1902	0
1901	0
1900	2.50E-06
1899	2.00E-05
1898	4.00E-05
1897	6.00E-05
1896	8.00E-05
1895	1.00E-04
1894	1.20E-04
1893	1.40E-04
1892	1.60E-04
1891	1.80E-04
1890	1.93E-04
1889	1.60E-04
1888	1.20E-04
1887	8.00E-05
1886	4.00E-05
1885	7.50E-06
1884	2.00E-05
1883	4.00E-05
1882	6.00E-05
1881	8.00E-05
1880	9.50E-05
1879	8.00E-05
1878	6.00E-05
1877	4.00E-05
1876	2.00E-05
1875	2.50E-06
1874	0
1873	0
1872	0
1871	0
1870	0
1869	0
1868	0
1867	0
1866	0
1865	0
1864	0
1863	0
1862	0
1861	0
1860	0
1859	0
1858	0
1857	0
1856	0
1855	0
1854	0
1853	0
1852	0
1851	0
1850	0
1849	0
1848	0
1847	0
1846	0
1845	0
1844	0
1843	0
1842	0
1841	0
1840	0
1839	0
1838	0
1837	0
1836	0
1835	0
1834	0
1833	0
1832	0
1831	0
1830	3.25E-05
1829	2.60E-04
1828	5.20E-04
1827	7.80E-04
1826	1.04E-03
1825	1.26E-03
1824	1.24E-03
1823	1.18E-03
1822	1.12E-03
1821	1.06E-03
1820	1.07E-03
1819	1.46E-03
1818	1.92E-03
1817	2.38E-03
1816	2.84E-03
1815	3.40E-03
1814	4.58E-03
1813	5.86E-03
1812	7.14E-03
1811	8.42E-03
1810	9.67E-03
1809	1.07E-02
1808	1.17E-02
1807	1.28E-02
1806	1.38E-02
1805	1.51E-02
1804	1.82E-02
1803	2.16E-02
1802	2.49E-02
1801	2.83E-02
1800	3.17E-02
1799	3.47E-02
1798	3.77E-02
1797	4.08E-02
1796	4.38E-02
1795	4.75E-02
1794	5.52E-02
1793	6.35E-02
1792	7.19E-02
1791	8.02E-02
1790	8.73E-02
1789	8.62E-02
1788	8.39E-02
1787	8.15E-02
1786	7.92E-02
1785	7.77E-02
1784	8.14E-02
1783	8.61E-02
1782	9.07E-02
1781	9.54E-02
1780	9.98E-02
1779	0.103
1778	0.106
1777	0.109
1776	0.112
1775	0.1153
1774	0.1202
1773	0.1254
1772	0.1306
1771	0.1358
1770	0.1402
1769	0.1394
1768	0.1378
1767	0.1362
1766	0.1346
1765	0.1339
1764	0.1384
1763	0.1438
1762	0.1492
1761	0.1546
1760	0.1592
1759	0.1586
1758	0.1572
1757	0.1558
1756	0.1544
1755	0.1535
1754	0.1554
1753	0.1578
1752	0.1602
1751	0.1626
1750	0.1644
1749	0.1628
1748	0.1606
1747	0.1584
1746	0.1562
1745	0.1546
1744	0.1568
1743	0.1596
1742	0.1624
1741	0.1652
1740	0.1675
1739	0.1666
1738	0.1652
1737	0.1638
1736	0.1624
1735	0.1615
1734	0.1636
1733	0.1662
1732	0.1688
1731	0.1714
1730	0.1738
1729	0.1748
1728	0.1756
1727	0.1764
1726	0.1772
1725	0.1781
1724	0.1796
1723	0.1812
1722	0.1828
1721	0.1844
1720	0.1859
1719	0.1866
1718	0.1872
1717	0.1878
1716	0.1884
1715	0.1889
1714	0.1886
1713	0.1882
1712	0.1878
1711	0.1874
1710	0.1873
1709	0.189
1708	0.191
1707	0.193
1706	0.195
1705	0.197
1704	0.199
1703	0.201
1702	0.2025
1701	0.201
1700	0.2
1699	0.2045
1698	0.2035
1697	0.1878
1696	0.2055
1695	0.2084
1694	0.2055
1693	0.2096
1692	0.2058
1691	0.1963
1690	0.2038
1689	0.2071
1688	0.2089
1687	0.2055
1686	0.2096
1685	0.2106
1684	0.2005
1683	0.2068
1682	0.2026
1681	0.1965
1680	0.2045
1679	0.2108
1678	0.2098
1677	0.2115
1676	0.2114
1675	0.213
1674	0.2149
1673	0.2153
1672	0.2125
1671	0.2175
1670	0.2199
1669	0.2156
1668	0.2136
1667	0.2065
1666	0.1861
1665	0.208
1664	0.2191
1663	0.2213
1662	0.2191
1661	0.2224
1660	0.2228
1659	0.2216
1658	0.2234
1657	0.222
1656	0.2205
1655	0.2209
1654	0.2168
1653	0.2213
1652	0.221
1651	0.212
1650	0.222
1649	0.2186
1648	0.2176
1647	0.2244
1646	0.2184
1645	0.2185
1644	0.2214
1643	0.2166
1642	0.2193
1641	0.2186
1640	0.2161
1639	0.2193
1638	0.22
1637	0.2263
1636	0.2336
1635	0.2331
1634	0.2321
1633	0.2328
1632	0.2371
1631	0.237
1630	0.2368
1629	0.2404
1628	0.2409
1627	0.24
1626	0.2389
1625	0.2379
1624	0.2414
1623	0.2414
1622	0.2373
1621	0.2344
1620	0.2348
1619	0.2396
1618	0.2415
1617	0.2346
1616	0.2318
1615	0.2385
1614	0.2381
1613	0.2363
1612	0.2304
1611	0.2254
1610	0.2194
1609	0.226
1608	0.2291
1607	0.2328
1606	0.2393
1605	0.2356
1604	0.2284
1603	0.2238
1602	0.2238
1601	0.2249
1600	0.2358
1599	0.2421
1598	0.2514
1597	0.2468
1596	0.246
1595	0.256
1594	0.2565
1593	0.257
1592	0.2514
1591	0.2424
1590	0.2399
1589	0.2354
1588	0.248
1587	0.2521
1586	0.255
1585	0.2564
1584	0.2491
1583	0.2464
1582	0.2426
1581	0.2466
1580	0.2435
1579	0.2369
1578	0.2326
1577	0.2214
1576	0.2413
1575	0.2401
1574	0.2398
1573	0.2345
1572	0.2361
1571	0.2353
1570	0.2418
1569	0.2528
1568	0.2573
1567	0.2614
1566	0.2626
1565	0.2658
1564	0.2631
1563	0.2656
1562	0.2671
1561	0.2683
1560	0.2658
1559	0.2669
1558	0.2681
1557	0.2688
1556	0.2636
1555	0.266
1554	0.2653
1553	0.2701
1552	0.2709
1551	0.27
1550	0.2696
1549	0.2716
1548	0.2676
1547	0.2715
1546	0.274
1545	0.2751
1544	0.2716
1543	0.2708
1542	0.2691
1541	0.2676
1540	0.2655
1539	0.2709
1538	0.2714
1537	0.2729
1536	0.2729
1535	0.2673
1534	0.2688
1533	0.2753
1532	0.2766
1531	0.2684
1530	0.2589
1529	0.2708
1528	0.2759
1527	0.264
1526	0.2651
1525	0.2613
1524	0.2734
1523	0.2765
1522	0.2664
1521	0.2714
1520	0.2628
1519	0.2474
1518	0.2499
1517	0.2501
1516	0.2563
1515	0.2589
1514	0.2321
1513	0.2421
1512	0.2583
1511	0.2643
1510	0.2588
1509	0.2035
1508	0.2365
1507	0.2529
1506	0.2475
1505	0.1901
1504	0.166
1503	0.1871
1502	0.2309
1501	0.2591
1500	0.2478
1499	0.2176
1498	0.1974
1497	0.2156
1496	0.1773
1495	0.1829
1494	0.1976
1493	0.1816
1492	0.1703
1491	0.19
1490	0.1788
1489	0.1752
1488	0.1016
1487	7.25E-02
1486	0.1154
1485	0.1263
1484	0.1369
1483	0.1354
1482	7.66E-02
1481	0.1011
1480	7.48E-02
1479	0.1055
1478	7.12E-02
1477	6.86E-02
1476	8.31E-02
1475	0.1587
1474	0.1046
1473	7.05E-02
1472	4.59E-02
1471	2.54E-02
1470	5.12E-02
1469	8.67E-02
1468	7.38E-02
1467	4.46E-02
1466	6.49E-02
1465	9.68E-02
1464	0.1303
1463	6.75E-02
1462	0.1141
1461	9.44E-02
1460	9.55E-02
1459	0.1499
1458	0.137
1457	0.1158
1456	8.91E-02
1455	7.77E-02
1454	0.1212
1453	8.62E-02
1452	5.83E-02
1451	1.96E-02
1450	3.46E-02
1449	9.43E-02
1448	0.1035
1447	4.43E-02
1446	2.80E-02
1445	4.78E-02
1444	5.80E-02
1443	4.59E-02
1442	3.67E-02
1441	3.32E-02
1440	4.00E-02
1439	4.48E-02
1438	2.00E-02
1437	2.88E-02
1436	3.51E-02
1435	2.34E-02
1434	2.28E-02
1433	2.97E-02
1432	1.26E-02
1431	4.55E-02
1430	5.70E-02
1429	3.67E-02
1428	1.43E-02
1427	4.11E-02
1426	3.02E-02
1425	2.49E-02
1424	1.71E-02
1423	1.48E-02
1422	3.69E-02
1421	1.36E-02
1420	7.55E-03
1419	4.29E-03
1418	1.19E-02
1417	1.49E-02
1416	2.81E-02
1415	4.64E-03
1414	3.24E-03
1413	1.79E-02
1412	5.13E-03
1411	1.96E-03
1410	7.13E-04
1409	7.13E-04
1408	1.30E-03
1407	6.00E-04
1406	1.53E-03
1405	3.38E-04
1404	8.25E-04
1403	2.11E-03
1402	1.65E-03
1401	2.25E-04
1400	1.00E-04
1399	7.63E-04
1398	1.08E-03
1397	1.63E-04
1396	0
1395	1.25E-05
1394	8.75E-05
1393	8.75E-05
1392	5.00E-05
1391	2.88E-04
1390	4.88E-04
1389	5.13E-04
1388	1.00E-04
1387	1.50E-04
1386	2.50E-05
1385	0
1384	0
1383	0
1382	0
1381	1.25E-05
1380	8.75E-05
1379	2.25E-04
1378	8.50E-04
1377	2.50E-04
1376	2.75E-04
1375	2.88E-04
1374	1.88E-04
1373	2.50E-05
1372	0
1371	0
1370	0
1369	0
1368	0
1367	0
1366	0
1365	0
1364	0
1363	0
1362	0
1361	0
1360	0
1359	0
1358	1.25E-05
1357	7.50E-05
1356	1.25E-05
1355	3.75E-05
1354	2.38E-04
1353	3.00E-04
1352	1.71E-03
1351	5.64E-03
1350	1.46E-02
1349	1.47E-02
1348	1.30E-02
1347	5.28E-02
1346	6.46E-02
1345	9.84E-02
1344	8.61E-02
1343	0.1269
1342	0.1706
1341	0.1708
1340	0.1693
1339	0.1753
1338	0.176
1337	0.1681
1336	0.1866
1335	0.2173
1334	0.181
1333	0.1915
1332	0.1521
1331	0.1548
1330	0.2119
1329	0.1906
1328	0.2309
1327	0.2638
1326	0.2834
1325	0.3085
1324	0.2656
1323	0.2444
1322	0.292
1321	0.2934
1320	0.2643
1319	0.2748
1318	0.3214
1317	0.3151
1316	0.3168
1315	0.2901
1314	0.2908
1313	0.3123
1312	0.3298
1311	0.3288
1310	0.3145
1309	0.368
1308	0.3455
1307	0.3199
1306	0.3733
1305	0.3726
1304	0.316
1303	0.3451
1302	0.3815
1301	0.3636
1300	0.36
1299	0.3981
1298	0.3904
1297	0.3749
1296	0.3878
1295	0.4019
1294	0.4041
1293	0.408
1292	0.3998
1291	0.4136
1290	0.4121
1289	0.4099
1288	0.4179
1287	0.4214
1286	0.425
1285	0.423
1284	0.4186
1283	0.4035
1282	0.3813
1281	0.4081
1280	0.4201
1279	0.4231
1278	0.4248
1277	0.4195
1276	0.4158
1275	0.4109
1274	0.4058
1273	0.4054
1272	0.4075
1271	0.4045
1270	0.3711
1269	0.2789
1268	0.3559
1267	0.3844
1266	0.3858
1265	0.3905
1264	0.3768
1263	0.3949
1262	0.3974
1261	0.4106
1260	0.427
1259	0.4288
1258	0.4405
1257	0.4359
1256	0.4396
1255	0.4469
1254	0.4434
1253	0.446
1252	0.4496
1251	0.4515
1250	0.4556
1249	0.4576
1248	0.457
1247	0.4564
1246	0.4574
1245	0.4553
1244	0.4544
1243	0.4564
1242	0.4604
1241	0.4608
1240	0.4595
1239	0.4615
1238	0.4656
1237	0.4634
1236	0.4668
1235	0.4651
1234	0.4664
1233	0.4565
1232	0.4643
1231	0.4688
1230	0.4614
1229	0.465
1228	0.461
1227	0.4405
1226	0.4619
1225	0.46
1224	0.4483
1223	0.4444
1222	0.4509
1221	0.4614
1220	0.4564
1219	0.4481
1218	0.4559
1217	0.4559
1216	0.4589
1215	0.4325
1214	0.4366
1213	0.4581
1212	0.4291
1211	0.4253
1210	0.4433
1209	0.4203
1208	0.4293
1207	0.4358
1206	0.4681
1205	0.4321
1204	0.3794
1203	0.4244
1202	0.4356
1201	0.4374
1200	0.4353
1199	0.383
1198	0.4298
1197	0.4649
1196	0.4378
1195	0.4468
1194	0.4634
1193	0.4573
1192	0.4663
1191	0.4504
1190	0.4533
1189	0.4106
1188	0.3591
1187	0.4418
1186	0.4645
1185	0.4164
1184	0.4196
1183	0.4204
1182	0.3529
1181	0.4356
1180	0.4463
1179	0.4613
1178	0.3884
1177	0.4575
1176	0.4715
1175	0.4396
1174	0.3653
1173	0.44
1172	0.4533
1171	0.4491
1170	0.4514
1169	0.4259
1168	0.4174
1167	0.4058
1166	0.3801
1165	0.3879
1164	0.4076
1163	0.444
1162	0.3635
1161	0.3396
1160	0.2999
1159	0.3266
1158	0.3145
1157	0.3094
1156	0.2883
1155	0.2868
1154	0.1751
1153	0.2264
1152	0.2403
1151	0.1983
1150	0.1434
1149	0.2124
1148	0.2371
1147	9.76E-02
1146	0.1434
1145	0.1433
1144	0.1419
1143	0.2754
1142	0.231
1141	0.2046
1140	0.2526
1139	0.2808
1138	0.2254
1137	0.2566
1136	0.1338
1135	3.28E-02
1134	5.23E-02
1133	0.1491
1132	0.2308
1131	0.2592
1130	0.1029
1129	0.1007
1128	0.1071
1127	0.1365
1126	7.62E-02
1125	0.1279
1124	0.115
1123	0.1197
1122	0.1002
1121	0.1667
1120	0.1438
1119	0.1296
1118	0.1868
1117	0.1118
1116	0.1918
1115	0.2493
1114	0.2889
1113	0.2899
1112	0.3839
1111	0.3595
1110	0.4514
1109	0.4205
1108	0.4223
1107	0.4629
1106	0.4211
1105	0.4866
1104	0.4708
1103	0.4655
1102	0.4711
1101	0.491
1100	0.4883
1099	0.5028
1098	0.5119
1097	0.5583
1096	0.5135
1095	0.5193
1094	0.532
1093	0.5215
1092	0.572
1091	0.582
1090	0.5611
1089	0.5766
1088	0.5861
1087	0.5668
1086	0.5594
1085	0.5853
1084	0.5813
1083	0.5926
1082	0.5879
1081	0.5823
1080	0.5948
1079	0.602
1078	0.6023
1077	0.6041
1076	0.609
1075	0.5974
1074	0.6141
1073	0.6058
1072	0.6126
1071	0.6134
1070	0.6023
1069	0.5914
1068	0.614
1067	0.6184
1066	0.617
1065	0.6259
1064	0.6285
1063	0.6234
1062	0.6283
1061	0.6224
1060	0.63
1059	0.6215
1058	0.6345
1057	0.6424
1056	0.645
1055	0.6465
1054	0.6455
1053	0.647
1052	0.6493
1051	0.6525
1050	0.6535
1049	0.657
1048	0.6598
1047	0.6545
1046	0.6485
1045	0.6611
1044	0.6653
1043	0.6643
1042	0.6691
1041	0.67
1040	0.6705
1039	0.673
1038	0.6709
1037	0.6735
1036	0.6791
1035	0.6798
1034	0.6778
1033	0.676
1032	0.6844
1031	0.6856
1030	0.6879
1029	0.6856
1028	0.6909
1027	0.6915
1026	0.6939
1025	0.6949
1024	0.6904
1023	0.6919
1022	0.6901
1021	0.6981
1020	0.6961
1019	0.6914
1018	0.7075
1017	0.7034
1016	0.7076
1015	0.708
1014	0.717
1013	0.7165
1012	0.7174
1011	0.72
1010	0.7176
1009	0.7188
1008	0.7241
1007	0.7233
1006	0.7089
1005	0.689
1004	0.7173
1003	0.7299
1002	0.7288
1001	0.7389
1000	0.7345
999	0.7358
998	0.737
997	0.739
996	0.7463
995	0.7499
994	0.7496
993	0.7389
992	0.7475
991	0.7481
990	0.7348
989	0.7431
988	0.7353
987	0.738
986	0.7396
985	0.7
984	0.7204
983	0.6784
982	0.6898
981	0.6949
980	0.6206
979	0.629
978	0.6189
977	0.6256
976	0.5806
975	0.584
974	0.5796
973	0.6113
972	0.6791
971	0.6989
970	0.6493
969	0.6734
968	0.6356
967	0.5196
966	0.5011
965	0.4963
964	0.4685
963	0.4903
962	0.4513
961	0.4525
960	0.4184
959	0.3896
958	0.4254
957	0.3009
956	0.3215
955	0.3488
954	0.4026
953	0.3436
952	0.3041
951	0.4134
950	0.2321
949	0.4223
948	0.3126
947	0.3359
946	0.2376
945	0.3351
944	0.2944
943	0.2946
942	0.3841
941	0.3875
940	0.4486
939	0.3823
938	0.2201
937	0.1674
936	0.1724
935	0.2255
934	0.1695
933	0.2414
932	0.307
931	0.3974
930	0.443
929	0.5399
928	0.6079
927	0.7499
926	0.7125
925	0.7093
924	0.7208
923	0.7344
922	0.7136
921	0.7635
920	0.7459
919	0.7194
918	0.6264
917	0.6918
916	0.6068
915	0.657
914	0.6316
913	0.6343
912	0.6769
911	0.6633
910	0.6383
909	0.6856
908	0.6549
907	0.6556
906	0.7613
905	0.8131
904	0.8193
903	0.7038
902	0.6601
901	0.6243
900	0.6981
899	0.5923
898	0.6884
897	0.6825
896	0.7544
895	0.8094
894	0.847
893	0.8726
892	0.9038
891	0.9206
890	0.9226
889	0.9291
888	0.92
887	0.9091
886	0.91
885	0.9359
884	0.9311
883	0.9278
882	0.9266
881	0.9129
880	0.9328
879	0.9364
878	0.9484
877	0.9523
876	0.9471
875	0.929
874	0.9383
873	0.9533
872	0.9611
871	0.9544
870	0.961
869	0.9504
868	0.9495
867	0.9101
866	0.8694
865	0.9479
864	0.9768
863	0.9945
862	0.9918
861	0.9851
860	0.9854
859	0.9885
858	0.989
857	0.9866
856	0.9649
855	0.9099
854	0.8708
853	0.9485
852	0.967
851	0.9613
850	0.9126
849	0.9723
848	0.9883
847	0.9929
846	1.015
845	1.008
844	0.9885
843	0.9971
842	0.9968
841	1.008
840	1.009
839	0.9993
838	0.998
837	1.003
836	0.9788
835	0.9876
834	0.9425
833	0.9434
832	0.9034
831	0.9164
830	0.9158
829	0.9153
828	0.8739
827	0.9588
826	0.9419
825	0.9581
824	0.9038
823	0.7384
822	0.92
821	0.9723
820	0.8815
819	0.8871
818	0.834
817	0.843
816	0.8403
815	0.8861
814	0.9136
813	0.9976
812	1.023
811	1.046
810	1.05
809	1.054
808	1.076
807	1.081
806	1.084
805	1.059
804	1.074
803	1.065
802	1.078
801	1.079
800	1.074
799	1.09
798	1.105
797	1.09
796	1.075
795	1.088
794	1.089
793	1.083
792	1.09
791	1.098
790	1.095
789	1.118
788	1.13
787	1.141
786	1.158
785	1.159
784	1.153
783	1.159
782	1.16
781	1.16
780	1.161
779	1.169
778	1.17
777	1.171
776	1.178
775	1.171
774	1.17
773	1.17
772	1.17
771	1.169
770	1.156
769	1.124
768	1.094
767	0.9685
766	0.8159
765	0.6816
764	0.5355
763	0.4364
762	0.581
761	0.2344
760	0.3668
759	1.079
758	1.224
757	1.221
756	1.221
755	1.23
754	1.236
753	1.224
752	1.229
751	1.23
750	1.23
749	1.231
748	1.239
747	1.24
746	1.241
745	1.249
744	1.249
743	1.238
742	1.214
741	1.211
740	1.215
739	1.198
738	1.214
737	1.203
736	1.201
735	1.211
734	1.223
733	1.19
732	1.145
731	1.088
730	1.111
729	1.051
728	1.045
727	1.075
726	1.075
725	1.046
724	1.06
723	1.141
722	1.208
721	1.088
720	0.9874
719	0.9424
718	1.025
717	1.113
716	1.248
715	1.266
714	1.294
713	1.293
712	1.3
711	1.309
710	1.31
709	1.309
708	1.303
707	1.309
706	1.311
705	1.316
704	1.299
703	1.273
702	1.261
701	1.263
700	1.279
699	1.293
698	1.319
697	1.328
696	1.271
695	1.265
694	1.246
693	1.259
692	1.264
691	1.229
690	1.179
689	1.128
688	1.101
687	1.031
686	1.297
685	1.366
684	1.371
683	1.38
682	1.389
681	1.39
680	1.39
679	1.391
678	1.399
677	1.401
676	1.406
675	1.394
674	1.4
673	1.406
672	1.395
671	1.409
670	1.421
669	1.434
668	1.414
667	1.411
666	1.419
665	1.416
664	1.393
663	1.381
662	1.381
661	1.39
660	1.398
659	1.39
658	1.364
657	1.25
656	1.209
655	1.336
654	1.405
653	1.421
652	1.394
651	1.423
650	1.369
649	1.356
648	1.386
647	1.4
646	1.414
645	1.444
644	1.443
643	1.446
642	1.433
641	1.43
640	1.434
639	1.458
638	1.468
637	1.455
636	1.42
635	1.434
634	1.426
633	1.435
632	1.378
631	1.401
630	1.395
629	1.401
628	1.376
627	1.425
626	1.405
625	1.401
624	1.409
623	1.411
622	1.426
621	1.471
620	1.471
619	1.469
618	1.455
617	1.419
616	1.433
615	1.458
614	1.424
613	1.456
612	1.475
611	1.463
610	1.461
609	1.47
608	1.48
607	1.488
606	1.483
605	1.489
604	1.486
603	1.46
602	1.436
601	1.45
600	1.466
599	1.461
598	1.461
597	1.469
596	1.465
595	1.436
594	1.44
593	1.446
592	1.436
591	1.445
590	1.371
589	1.325
588	1.469
587	1.513
586	1.499
585	1.526
584	1.539
583	1.539
582	1.528
581	1.504
580	1.496
579	1.471
578	1.459
577	1.489
576	1.466
575	1.474
574	1.506
573	1.518
572	1.501
571	1.446
570	1.474
569	1.484
568	1.509
567	1.515
566	1.454
565	1.508
564	1.515
563	1.529
562	1.498
561	1.539
560	1.478
559	1.455
558	1.514
557	1.5
556	1.529
555	1.555
554	1.548
553	1.53
552	1.559
551	1.536
550	1.54
549	1.543
548	1.511
547	1.533
546	1.525
545	1.541
544	1.56
543	1.53
542	1.53
541	1.444
540	1.479
539	1.529
538	1.555
537	1.516
536	1.595
535	1.556
534	1.519
533	1.456
532	1.58
531	1.608
530	1.558
529	1.584
528	1.515
527	1.388
526	1.511
525	1.568
524	1.573
523	1.496
522	1.545
521	1.533
520	1.505
519	1.413
518	1.411
517	1.318
516	1.504
515	1.525
514	1.491
513	1.526
512	1.594
511	1.571
510	1.549
509	1.566
508	1.524
507	1.554
506	1.604
505	1.554
504	1.478
503	1.538
502	1.499
501	1.496
500	1.535
499	1.549
498	1.555
497	1.581
496	1.574
495	1.619
494	1.566
493	1.571
492	1.504
491	1.558
490	1.591
489	1.483
488	1.514
487	1.416
486	1.325
485	1.525
484	1.573
483	1.599
482	1.616
481	1.611
480	1.608
479	1.596
478	1.61
477	1.575
476	1.568
475	1.598
474	1.565
473	1.559
472	1.593
471	1.536
470	1.511
469	1.553
468	1.551
467	1.508
466	1.548
465	1.536
464	1.554
463	1.593
462	1.59
461	1.574
460	1.529
459	1.531
458	1.551
457	1.575
456	1.565
455	1.528
454	1.516
453	1.456
452	1.535
451	1.595
450	1.559
449	1.508
448	1.499
447	1.469
446	1.351
445	1.434
444	1.413
443	1.433
442	1.411
441	1.344
440	1.325
439	1.199
438	1.235
437	1.365
436	1.349
435	1.241
434	1.156
433	1.229
432	1.243
431	0.868
430	0.8893
429	1.074
428	1.168
427	1.176
426	1.21
425	1.24
424	1.215
423	1.215
422	1.248
421	1.249
420	1.151
419	1.201
418	1.184
417	1.226
416	1.251
415	1.22
414	1.186
413	1.195
412	1.225
411	1.164
410	1.088
409	1.198
408	1.154
407	1.109
406	1.121
405	1.15
404	1.174
403	1.168
402	1.19
401	1.159
400	1.114
399	1.06
398	0.832
397	0.5068
396	0.7288
395	0.7875
394	0.5125
393	0.4993
392	0.777
391	0.84
390	0.7873
389	0.6885
388	0.6345
387	0.646
386	0.631
385	0.6495
384	0.5168
383	0.4633
382	0.5905
381	0.7398
380	0.703
379	0.7453
378	0.833
377	0.7185
376	0.6645
375	0.5943
374	0.5543
373	0.6078
372	0.6763
371	0.6953
370	0.7325
369	0.6965
368	0.675
367	0.7208
366	0.721
365	0.6318
364	0.5983
363	0.5918
362	0.5393
361	0.5275
360	0.58
359	0.4745
358	0.4293
357	0.4723
356	0.5528
355	0.6048
354	0.5968
353	0.5243
352	0.5123
351	0.5488
350	0.5238
349	0.4718
348	0.4763
347	0.4865
346	0.4813
345	0.4515
344	0.4303
343	0.5043
342	0.4875
341	0.4768
340	0.493
339	0.4628
338	0.4298
337	0.3815
336	0.4153
335	0.4555
334	0.4195
333	0.425
332	0.4313
331	0.412
330	0.4585
329	0.42
328	0.3638
327	0.396
326	0.3723
325	0.2903
324	0.27
323	0.2223
322	0.2243
321	0.2458
320	0.2125
319	0.197
318	0.1793
317	0.1685
316	0.1285
315	0.13
314	0.1188
313	0.1049
312	9.22E-02
311	7.86E-02
310	5.25E-02
309	4.13E-02
308	3.81E-02
307	2.80E-02
306	1.92E-02
305	1.59E-02
304	9.93E-03
303	6.88E-03
302	3.20E-03
301	1.93E-03
300	1.02E-03
299	5.49E-04
298	2.80E-04
297	1.13E-04
296	4.86E-05
295	1.47E-05
294	4.29E-06
293	1.10E-06
292	2.68E-07
291	4.82E-08
290	6.94E-09
289	8.41E-10
288	7.66E-11
287	4.30E-12
286	2.88E-13
285	1.52E-14
284	9.91E-16
283	1.92E-17
282	1.77E-18
281	4.21E-20
280	4.72E-23
